							Rough						Z-scoring						Deltas

15 s segmentation			23.31						33.66							33.59
					[23.63, 23.44, 22.85]		[32.03, 33.40, 35.55]			[31.64, 34.96, 34.18]
5  s segmentation			22.14						33.46							33.07
					[21.48, 22.66, 22.27]		[34.57, 32.03, 33.79]			[33.40, 32.62, 33.20]
1  s segmentation			15.75						33.47							33.72
					[15.62, 15.62, 16.02]		[34.38, 30.47, 35.55]			[31.45, 34.57, 35.16]
					
					
					
27.05.2025:
Classification report:

						precision    recall  f1-score   support

  alternative_metal       0.38      0.30      0.33    344077
        black_metal       0.52      0.69      0.59    455874
classic_heavy_metal       0.43      0.50      0.46    398556
        death_metal       0.53      0.53      0.53    345131
          hard_rock       0.47      0.47      0.47    345601
           nu_metal       0.43      0.33      0.37    297358
             primus       0.62      0.51      0.56    319524
       thrash_metal       0.50      0.47      0.49    357040

           accuracy                           0.49   2863161
          macro avg       0.48      0.47      0.48   2863161
       weighted avg       0.48      0.49      0.48   2863161

Confusion Matrix:
[[102829  44719  54141  27714  35950  29238  17461  32025]
 [ 19818 313993  28920  29642  18255  15800   7494  21952]
 [ 30910  48304 200763  15996  41970  22425  16217  21971]
 [ 21101  49078  20251 181379   9886  15469   7235  40732]
 [ 25220  33640  58290   9265 163691  15797  23185  16513]
 [ 31521  36999  44229  22759  28869  96709  17459  18813]
 [ 18853  24133  34679  11560  37471  12075 161699  19054]
 [ 23815  50512  29533  42744  15454  16021   9493 169468]]